suma: 144.67600000000002
srednia: 14.467600000000001
ilosc: 10.0
max: 44.0
min: 1.0
